    "rep"    "1"    "loc"    "1"    "scale"    "2"    "df"    "4"    "alpha"    "0.01"


ci1 =

   -6.4690   -4.9798


ci2 =

   -6.4690
   -5.7178

    "nonparametric"    "T"    "250"    "0"    "1.4892"


ci1 =

  -19.1940   -9.4675


ci2 =

  -20.4040
   -9.9217

    "parametric"    "T"    "250"    "0"    "9.7265"

Elapsed time is 3.341413 seconds.

ci1 =

   -7.2061   -5.2174


ci2 =

   -7.8978
   -5.7832

    "nonparametric"    "T"    "500"    "0"    "1.9887"


ci1 =

  -12.5044   -7.4423


ci2 =

  -13.5530
   -7.8642

    "parametric"    "T"    "500"    "1"    "5.0621"

Elapsed time is 4.095425 seconds.

ci1 =

  -12.5749   -8.5324


ci2 =

  -13.0898
   -8.8940

    "nonparametric"    "T"    "2000"    "1"    "4.0425"


ci1 =

   -9.6172   -7.7448


ci2 =

   -9.7945
   -7.9369

    "parametric"    "T"    "2000"    "1"    "1.8725"

Elapsed time is 13.107058 seconds.
Q2_nct
  -12.5102  -12.4975   -5.2206

